Trend;Plunge
279;-31
246;-52
9;-36
3;-37
5;-19
282;-24
282;-22
283;-44
311;-3
326;-10
268;-43
4;-27
6;-43
2;-14
333;-10
279;-29
278;-37
346;-53
344;-7
323;-2
280;-40
359;-20
304;-15
3;-23
345;-15
265;-39
277;-44
350;-50
341;-9
317;0
273;-57
355;-14
312;-16
352;-7
318;-15
261;-46
292;-49
336;-49
348;-8
316;-12
282;-28
271;-31
319;-9
357;-6
304;-12
279;-32
295;-9
356;-46
344;-5
313;-1
279;-51
350;-3
322;-8
345;-20
286;-19
279;-35
282;-12
1;-24
343;-5
310;-12
287;-71
354;-6
0;-15
350;-18
302;-7
271;-48
299;-56
3;-13
346;-5
307;-8
264;-41
6;-22
3;-25
357;-23
287;-16
288;-52
284;-45
353;-15
348;-2
330;-9